/camera: pointing towards -Z, 35mmx25mm "film", 35mm focal length
/ making 320x240 pixels
c 24.2 29.3 53.6 0.0 0.0 -1.0 35.0 35.0 25.0 1280 1024

/ alternate camera:
/c 170. 222. 83. -.5 -.7 -.5 35.0 35.0 25.0 400 350
/c 1360. 1776. 664. -.5 -.7 -.5 95.0 35.0 25.0 600 550
/c 25. -9. -62.56 0.0 1.0 0.1 15.0 35.0 25.0 1280 800

// grey diffuse material
m 0.5 0.5 0.5 0.0 0.0 0.0 0.0 0.7 0.7 0.7

/ ground plane: two large triangles
t -4000.0 -22.0 4000.0 4000.0 -22.0 4000.0 -4000.0 -22.0 -4000.0
t -4000.0 -22.0 -4000.0 4000.0 -22.0 4000.00 4000.0 -22.0 -4000.0

/ one ambient light
l a .15 .15 .15

m 0.4 0.5 0.4 0.5 0.5 0.5 100.0 0.5 0.5 0.5 
s 3.37915856841 -16.3451332235 -1.09795517557 5.65486677646
m 0.9204081632653 0.510204081633 0.4 0.5 0.5 0.5 100.0 0.5 0.5 0.5 
s 2.47039914503 -13.5176998353 -7.60310677892 8.48230016469
m 0.6408163265306 0.520408163265 0.4 0.5 0.5 0.5 100.0 0.5 0.5 0.5 
s -8.35373939461 -10.6902664471 -11.4979358711 11.3097335529
m 0.0612244897959 0.530612244898 0.4 0.5 0.5 0.5 100.0 0.5 0.5 0.5 
s -22.2066099025 -7.86283305885 -4.07915333751e-15 14.1371669412
m 0.0816326530612 0.540816326531 0.4 0.5 0.5 0.5 100.0 0.5 0.5 0.5 
s -18.7959136379 -5.03539967062 25.8703557099 16.9646003294
m 0.102040816327 0.551020408163 0.4 0.5 0.5 0.5 100.0 0.5 0.5 0.5 
s 13.4499509007 -2.20796628238 41.394692463 19.7920337176
m 0.722448979592 0.361224489796 0.7 0.5 0.5 0.5 100.0 0.5 0.5 0.5 
s 54.0665370945 0.619467105847 17.5672828091 22.6194671058
m 0.942857142857 0.171428571429 0.4 0.5 0.5 0.5 100.0 0.5 0.5 0.5 
s 58.2083003473 3.44690049408 -42.2908056852 25.4469004941
m 5 .9 0.4 0.5 0.5 0.5 100.0 0.5 0.5 0.5 
s 3.26332267001e-14 6.27433388231 -88.8264396098 28.2743338823
m 0.583673469388 0.591836734694 0.4 0.5 0.5 0.5 100.0 0.5 0.5 0.5 
s -86.9531400249 9.10176727054 -63.1751541717 31.1017672705
m 0.204081632653 0.202040816327 0.7 0.5 0.5 0.5 100.0 0.5 0.5 0.5 
s -121.649708463 11.9292006588 39.5263863205 33.9292006588
m 0.824489795918 0.112244897959 0.4 0.5 0.5 0.5 100.0 0.5 0.5 0.5 
s -46.3886061678 14.756634047 142.769449515 36.756634047
m 0.244897959184 0.622448979592 0.4 0.5 0.5 0.5 100.0 0.5 0.5 0.5 
s 102.333307584 17.5840674352 140.849714421 39.5840674352
m 0.265306122449 0.632653061224 0.4 0.5 0.5 0.5 100.0 0.5 0.5 0.5 
s 199.859489122 20.4115008235 1.10137140113e-13 42.4115008235
m 0.285714285714 0.642857142857 0.4 0.5 0.5 0.5 100.0 0.5 0.5 0.5 
s 133.659830314 23.2389342117 -183.966973937 45.2389342117
m 0.30612244898 0.65306122449 0.4 0.5 0.5 0.5 100.0 0.5 0.5 0.5 
s -79.3272614349 26.0663675999 -244.144206567 48.0663675999
m 0.326530612245 0.663265306122 0.4 0.5 0.5 0.5 100.0 0.5 0.5 0.5 
s -273.711844041 28.8938009882 -88.9343692212 50.8938009882
m 0.34693877551 0.673469387755 0.4 0.5 0.5 0.5 100.0 0.5 0.5 0.5 
s -259.422178091 31.7212343764 188.481245091 53.7212343764
m 0.367346938776 0.683673469388 0.4 0.5 0.5 0.5 100.0 0.5 0.5 0.5 
s -2.61065813601e-13 34.5486677646 355.305758439 56.5486677646
m 0.387755102041 0.69387755102 0.4 0.5 0.5 0.5 100.0 0.5 0.5 0.5 
s 316.911857446 37.3761011528 230.249942064 59.3761011528
m 0.408163265306 0.704081632653 0.4 0.5 0.5 0.5 100.0 0.5 0.5 0.5 
s 408.878186777 40.2035345411 -132.852576244 62.2035345411
m 0.528571428571 0.514285714286 0.5 0.5 0.5 0.5 100.0 0.5 0.5 0.5 
s 145.204571969 43.0309679293 -446.893720672 65.0309679293
m 0.148979591837 0.124489795918 0.4 0.5 0.5 0.5 100.0 0.5 0.5 0.5 
s -300.734618206 45.8584013175 -413.925691358 67.8584013175
m 0.169387755102 0.734693877551 0.4 0.5 0.5 0.5 100.0 0.5 0.5 0.5 
s -555.165247561 48.6858347058 -1.49606575169e-12 70.6858347058
m 0.989795918367 0.744897959184 0.4 0.5 0.5 0.5 100.0 0.5 0.5 0.5 
s -352.945489422 51.513268094 485.787790552 73.513268094
m 0.510204081633 0.755102040816 0.4 0.5 0.5 0.5 100.0 0.5 0.5 0.5 
s 200.102330748 54.3407014822 615.851649092 76.3407014822
m 0.530612244898 0.765306122449 0.4 0.5 0.5 0.5 100.0 0.5 0.5 0.5 
s 662.315079408 57.1681348705 215.199214412 79.1681348705
m 0.551020408163 0.775510204082 0.4 0.5 0.5 0.5 100.0 0.5 0.5 0.5 
s 604.360254223 59.9955682587 -439.093426929 81.9955682587
m 0.571428571429 0.785714285714 0.4 0.5 0.5 0.5 100.0 0.5 0.5 0.5 
s 8.81097120902e-13 62.8230016469 -799.437956488 84.8230016469
m 0.591836734694 0.795918367347 0.4 0.5 0.5 0.5 100.0 0.5 0.5 0.5 
s -690.594773256 65.6504350352 -501.746472389 87.6504350352
m 0.612244897959 0.80612244898 0.4 0.5 0.5 0.5 100.0 0.5 0.5 0.5 
s -865.064593512 68.4778684234 281.076524946 90.4778684234
m 0.632653061224 0.816326530612 0.4 0.5 0.5 0.5 100.0 0.5 0.5 0.5 
s -298.918296549 71.3053018116 919.975920249 93.3053018116
m 0.65306122449 0.826530612245 0.4 0.5 0.5 0.5 100.0 0.5 0.5 0.5 
s 603.55767126 74.1327351998 830.725866684 96.1327351998
m 0.173469387755 0.836734693878 0.4 0.5 0.5 0.5 100.0 0.5 0.5 0.5 
s 1088.12388522 76.9601685881 -5.3374671086e-13 98.9601685881
m 0.19387755102 0.84693877551 0.4 0.5 0.5 0.5 100.0 0.5 0.5 0.5 
s 676.652890963 79.7876019763 -931.332805556 101.787601976
m 0.114285714286 0.857142857143 0.4 0.5 0.5 0.5 100.0 0.5 0.5 0.5 
s -375.775158839 82.6150353645 -1156.51702004 104.615035365
m 0.134693877551 0.867346938776 0.4 0.5 0.5 0.5 100.0 0.5 0.5 0.5 
s -1219.8762432 85.4424687528 -396.361818381 107.442468753
m 0.755102040816 0.877551020408 0.4 0.5 0.5 0.5 100.0 0.5 0.5 0.5 
s -1093.02252874 88.269902141 794.1273512 110.269902141
m 0.175510204082 0.187755102041 0.4 0.5 0.5 0.5 100.0 0.5 0.5 0.5 
s -2.0885265088e-12 91.0973355292 1421.22303376 113.097335529
m 0.195918367347 0.197959183673 0.4 0.5 0.5 0.5 100.0 0.5 0.5 0.5 
s 1208.00188745 93.9247689175 877.664745146 115.924768917
m 0.816326530612 0.908163265306 0.4 0.5 0.5 0.5 100.0 0.5 0.5 0.5 
s 1490.20892867 96.7522023057 -484.198232426 118.752202306
m 0.836734693878 0.918367346939 0.4 0.5 0.5 0.5 100.0 0.5 0.5 0.5 
s 507.529779907 99.5796356939 -1562.01604825 121.579635694
m 0.857142857143 0.928571428571 0.4 0.5 0.5 0.5 100.0 0.5 0.5 0.5 
s -1010.80246675 102.407069082 -1391.2502404 124.407069082
m 0.877551020408 0.938775510204 0.4 0.5 0.5 0.5 100.0 0.5 0.5 0.5 
s -1798.7354021 105.23450247 6.61188501832e-12 127.23450247
m 0.897959183673 0.948979591837 0.4 0.5 0.5 0.5 100.0 0.5 0.5 0.5 
s -1104.78203494 108.061935859 1520.60201895 130.061935859
m 0.918367346939 0.959183673469 0.4 0.5 0.5 0.5 100.0 0.5 0.5 0.5 
s 606.345745709 110.889369247 1866.1403194 132.889369247
m 0.938775510204 0.969387755102 0.4 0.5 0.5 0.5 100.0 0.5 0.5 0.5 
s 1946.3953354 113.716802635 632.422181128 135.716802635
m 0.959183673469 0.979591836735 0.4 0.5 0.5 0.5 100.0 0.5 0.5 0.5 
s 1725.40900165 116.544236023 -1253.5830179 138.544236023
m 0.979591836735 0.989795918367 0.4 0.5 0.5 0.5 100.0 0.5 0.5 0.5 
s 1.19685260135e-11 119.371669412 -2220.66099025 141.371669412
m 1.0 1.0 0.4 0.5 0.5 0.5 100.0 0.5 0.5 0.5 
s -1869.13320004 122.1991028 -1358.00476034 144.1991028








/ one point light:
l p -80. 120. -46.6 1.0 1.0 1.0

/ options: depth antialiasing_on antialiasing_sample bvh_on
o 3 1 3 1
